bark_slidebot_config:
  pick_jpose: [2.946639, -1.317549, 1.7022196, -1.9915952, -1.53292268,0.0844739]  # joint variables
  box_above_jpose: [3.0700341543, -1.0854202618, 1.6470672151, -2.1216222387, -1.5741124524, 1.9402825294] # joint variables
  check_jpose: [0.64838981712, -2.1827087625, -1.5268140296, -1.0028661882, 1.5692255305, 3.787015411]

  photo_jpose: [0.30770154713 , -1.7681930652 , -1.5557864952, -1.3885839529, 1.5683528658, 3.4471998056]  # joint variables
  object_in_world_frame: []
  tcp_in_robot_eef_frame: [0, 0, 0.2, 0, 0, 0]
  camera_in_tcp_frame: [0.0006, -0.0426, -0.0325, 0.0090755, 0.00868, -3.1241803]